2291.86
2616.69
2566.83
2407.65
2395.92
2441.3
2524.18
2640.57
2626.5
2618.55
2682.78
2768.49
2770.38
2757.91
2840.39
2859.15
2754.28
2781.3
2838.34
2838.35
2772.73
2782.79
2660.5
2643.21
2664.49
2607.82
2562.06
2470.97
2489.66
2427.72
2491.4
2552.91
2425.38
2318.35
2268.94
2244.96
2262.51
2308.5
2207.82
2151.83
2183.37
2117.63
2142.92
2204.43
2223.92
2168.73
2052.78
1923.38
2014.78
1972.09
1940.71
1890.91
1951.18
1857.44
1830.23
1897.7
1928.68
1918.49
1972.26
1854.13
1820.57
1840.26
1825.94
1730.64
1638.8
1785
1720.36
1745.71
1852.03
1898.95
1961.43
1909.57
1923.22
2079.44
2182.14
2163.41
2059.32
2016.61
2059.8
2034.88
2075.68
2116.24
2168.24
2220.6
2146.2
2191.53
2173.57
2198.77
2156.63
2128.86
2107.43
2081.92
2085.58
2166.44
2193.68
2198.88
2305.59
2313.85
2243.48
2282.02
2251.03
2175.54
2084.5
2110.49
2149.44
2155.93
2233.66
2217.73
2264
2215.1
2170.78
2169.95
2121.66
2044.07
2028.43
1988.63
1992.66
2031.24
2058.76
2034.84
2050.87
2064.62
2074.74
2125.46
2161.24
2148.72
2140.8
2080.11
2004.16
2026.71
1962.79
1972.04
2075.74
2084.79
2029.12
2067.32
2016.17
2046.59
2029.37
1988.56
1959.24
1984.32
2022.96
2029.07
2017.84
2027.13
2068.38
2087.38
2066.33
2034.26
2027.79
1966.36
1963.32
1956.47
1982.25
1964.53
1918.89
1930.32
1867.01
1881.35
1831.3
1860.01
1842.97
1916.8
1912.41
1864.98
1843.17
1791.68
1805.43
1770.78
1759.01
1705.64
1687.7
1695.38
1579.55
1555.08
1527.8
1470.93
1423.19
1499.4
1501.64
1464.04
1460.71
1498.8
1480.46
1492.33
1580.81
1597.31
1605.3
1605.95
1570.19
1626.26
1701.47
1703.4
1696.31
1722.07
1646.34
1652.72
1671.31
1708.08
1704.44
1731.54
1775.47
1768.96
1699.52
1667.41
1690.2
1746.3
1745.73
1793.65
1835.08
1837.53
1827.77
1828.48
1840.13
1892.11
1903.19
1900.57
1898.58
1934.42
1880.51
1875.05
1903.2
1941.23
1935.97
1887.97
1933.26
1930.58
1904.9
1963.1
2046.84
2054.27
2021.26
